0.163827 0.114406 -0.980668
-7.12252 4.28884 -1.21154
-6.7935 3.89288 -0.354217
-5.88705 3.4158 -0.349116
-6.29159 2.61114 -0.789397
-5.14975 4.35538 -0.513212
-5.09023 3.72887 0.265255
-4.42948 3.37805 -0.404456
-6.02669 4.6682 0.0248789
-12.6478 9.24404 1.3249
-11.8403 8.784 0.944872
-7.01934 5.35741 -0.365846
-6.45141 5.04412 -1.1279
-6.15224 4.92613 -2.07478
-5.9078 4.87883 -3.04382
-5.62899 4.79263 -4.00046
-4.92075 4.30237 -4.50958
-12.6622 11.3246 -3.28536
-12.4324 11.3223 -4.2589
-12.1255 11.224 -5.20697
-11.3306 10.6076 -5.32675
-9.62924 9.34596 -6.26067
-8.93423 8.70792 -6.59281
-8.29113 8.10151 -7.06138
-7.54281 7.49977 -7.40234
-4.8447 5.32684 -8.76346
-4.04227 4.72501 -8.71282
-3.27551 4.44046 -9.29388
-2.87965 4.42877 -10.2792
-2.06907 3.80781 -10.4289
-1.50288 3.72803 -11.2549
-0.79812 3.45763 -11.9252
-0.436547 3.82248 -12.7832
-0.465287 4.17124 -13.7203
-0.123656 4.23788 -14.6585
0.135526 4.34629 -15.6206
0.583583 3.85229 -14.8724
1.13046 3.28366 -14.2573
1.66783 2.71874 -13.6277
2.11633 2.69925 -14.5338
2.87994 2.22785 -14.9897
-0.227275 3.29903 -11.5923
0.48498 2.665 -11.2895
0.986281 2.12305 -10.6144
1.73679 1.52654 -10.3288
-0.668656 2.62581 -7.73577
-0.462708 2.78053 -8.70419
0.322461 2.16674 -8.58514
0.714913 2.2796 -9.76488
1.36018 1.68908 -9.27767
1.95315 1.05593 -8.77967
-5.86848 3.41237 -0.730019
-5.01786 3.0572 -1.17201
-7.02329 3.90206 0.983158
-7.4403 4.42307 0.237962
-7.76835 4.97435 -0.529371
-7.55823 5.39185 -1.41661
-8.02929 5.95986 -2.11964
-11.4194 7.56015 -0.44531
-11.7199 8.07182 -1.25133
-15.6985 9.48411 1.45997
-16.0667 10.0311 0.698018
-11.7847 8.03409 -1.04829
-12.0554 8.53322 -1.87274
-14.4978 9.13804 1.40549
-15.6913 9.27042 2.09176
-15.3454 9.35661 1.1537
-14.5275 8.77829 1.25459
-13.706 8.46593 0.766636
-13.7597 8.90726 -0.130126
-13.9944 9.40187 -0.96704
-14.2703 9.91677 -1.77894
-14.1695 10.3326 -2.68301
-13.3153 10.2376 -3.20009
-13.1065 10.5788 -4.11807
-12.3362 10.0084 -3.8298
-11.427 9.68168 -4.09092
-12.4031 10.0752 -3.60515
-14.0198 10.4447 -2.85634
-13.0792 10.1511 -3.28983
-8.77654 8.96117 -6.7315
-7.94842 8.35574 -6.82175
-7.17383 7.74312 -6.65911
-6.84545 7.82605 -7.61119
-11.1441 7.88492 -2.70796
-10.4859 7.24558 -2.30865
-9.79186 6.62794 -2.68256
-9.1337 6.36868 -3.4583
-9.17412 6.76673 -4.37786
-8.4969 6.06556 -4.12997
-10.6565 5.77282 0.339651
-10.525 6.03078 -0.628886
-11.1715 6.1369 0.19187
-11.1131 6.35337 -0.80726
-11.234 6.91861 -2.13958
-10.7613 7.07082 -3.42796
-10.043 6.41313 -3.2012
-8.9182 6.79277 -6.78527
-9.23581 7.22472 -7.634
-9.18003 7.47304 -8.65007
-9.56158 8.3178 -9.84494
-9.03579 6.89278 -7.09244
-8.29875 6.21984 -7.02713
-9.14793 5.92845 -5.39596
-9.29647 6.33722 -6.34658
-8.82923 7.63645 -9.90823
-8.03434 7.02983 -9.88754
-8.65891 7.68974 -10.3113
-7.89531 7.06356 -10.1357
-7.09956 6.45835 -10.1077
-7.93981 7.17151 -10.2701
-7.11799 6.63105 -10.5577
-6.349 5.98682 -10.4039
-6.679 6.5943 -11.4263
-5.9665 6.04206 -11.8662
-6.70529 5.54466 -9.64958
-7.10594 6.08226 -10.4995
-7.62622 6.74499 -11.0481
-8.10054 7.29849 -11.8022
-8.25142 7.8255 -12.7645
-7.65998 7.8979 -13.7265
-6.98861 7.80625 -14.5139
-6.16707 7.52173 -15.0931
-5.38304 7.19323 -15.6616
-3.86999 7.01267 -18.5846
-2.92484 6.89817 -22.1111
-2.68104 6.8789 -23.1376
-1.84712 6.34037 -23.4942
-1.83927 6.66185 -24.4984
-1.09237 5.99812 -24.5576
-2.00271 6.42599 -23.1911
-2.94578 6.95777 -21.8444
-2.45917 6.77983 -22.8302
-2.53986 7.11006 -23.791
-1.7656 6.68049 -24.301
-0.930181 6.13102 -24.5224
-0.59508 6.06805 -25.5995
-0.681708 6.43477 -26.7933
-1.02232 6.98681 -27.589
-0.251301 6.46125 -27.999
0.0260489 6.71345 -29.4805
-0.399092 7.27606 -30.2023
1.19553 6.33914 -31.8268
0.497539 6.49415 -30.2113
0.493369 6.81544 -31.2668
-0.236703 7.13853 -30.1109
-0.041348 7.31675 -31.1823
-0.263616 7.69148 -32.1855
-3.04958 8.67234 -26.7286
-1.10186 8.07065 -31.4907
-1.34184 8.49378 -32.3834
-0.0830245 7.97844 -34.2728
-0.0281321 8.33401 -35.217
1.4479 7.31378 -35.3943
1.8912 7.40096 -36.3695
-1.30599 9.23106 -33.8596
-0.670469 9.12553 -34.7656
0.133021 8.52308 -34.793
0.921399 8.23973 -35.3808
-1.71901 9.58922 -32.9115
-1.61385 9.92447 -33.9177
0.233498 9.96041 -36.7358
1.10185 9.46716 -36.9419
-0.673703 9.84834 -35.0927
-0.0430081 9.98857 -36.0884
-3.67686 11.5125 -34.4674
-2.8187 10.9529 -34.6017
-2.33539 11.1598 -35.5407
-1.44904 10.792 -35.989
0.7731 10.7231 -38.4465
-0.159015 10.5341 -37.2966
-0.223248 11.0825 -38.1648
0.0968432 11.5742 -39.424
0.978442 11.1272 -39.6353
1.77716 10.5301 -39.508
0.99456 10.2931 -38.165
1.85963 9.77409 -38.223
2.74106 9.57726 -38.9724
2.0219 9.20126 -37.3297
2.96614 8.99132 -37.9211
4.06525 8.78394 -38.7464
6.69974 8.5113 -41.0071
8.7316 7.45667 -41.0366
10.8062 7.5824 -43.0723
11.6084 6.98632 -42.9801
11.0382 5.4399 -39.664
11.8784 6.37149 -42.4601
15.3398 6.14399 -45.1586
15.4093 6.75681 -45.95
19.0864 6.41328 -48.2423
19.7606 5.76322 -47.8384
16.9669 6.14311 -46.7155
17.9365 5.32537 -46.2931
15.2947 5.65557 -44.7403
17.2787 5.17596 -45.7846
18.1458 5.29371 -46.6051
20.2115 5.34142 -48.3153
20.8612 5.49804 -49.1363
23.5816 5.25191 -50.7163
24.5145 4.76226 -50.5787
21.613 5.04489 -49.7485
25.4115 5.55277 -52.6973
26.3696 5.50319 -53.2985
29.0093 5.61522 -55.1363
29.1258 6.47314 -56.2099
31.1766 6.74527 -57.6996
33.1361 6.90949 -58.9648
34.7298 6.87003 -59.6112
36.6011 7.14843 -60.6764
42.2153 7.48582 -62.6501
42.2941 8.25795 -63.2879
39.7589 7.87866 -62.6493
42.9949 9.67314 -64.2914
44.0324 9.68364 -64.3772
45.0496 10.1003 -64.5927
41.3119 6.7298 -62.2373
41.6421 7.66236 -62.9944
42.6 7.42407 -62.7837
41.7359 6.35381 -61.9531
39.7282 3.98772 -60.0715
38.0085 2.2201 -58.5607
37.6675 2.98042 -59.1237
38.7532 2.93558 -59.1722
38.6979 3.69106 -59.8966
34.0147 -3.49558 -54.2326
34.829 -2.85651 -54.7386
33.444 -5.81346 -52.1359
33.9569 -3.88512 -54.0629
34.0552 -5.45277 -52.3121
33.8995 -7.68493 -49.6651
33.8162 -6.2785 -51.6463
33.1491 -3.74039 -55.2827
32.2151 -3.44491 -55.5563
31.1052 -2.69409 -56.6281
33.6534 -8.02943 -49.8702
33.8628 -8.98106 -48.9023
34.3699 -8.44339 -49.6601
35.1898 -8.20131 -50.1968
35.6921 -7.53008 -50.9524
35.044 -5.75892 -52.6943
35.8088 -5.42712 -53.2676
36.4155 -7.81015 -50.4528
35.7215 -7.23725 -50.9364
36.5176 -6.93483 -51.4763
36.0504 -6.24646 -52.1343
36.3663 -8.78511 -49.1873
36.6879 -9.6094 -48.071
37.4127 -11.0221 -46.299
39.0667 -13.6148 -43.3583
38.8515 -12.9471 -44.1751
39.9055 -14.6221 -42.3902
40.2521 -13.4362 -43.9449
40.1118 -15.2652 -40.9348
40.7898 -14.8866 -41.6026
41.2447 -17.8926 -38.5232
40.5987 -17.1982 -38.9869
41.0304 -19.8992 -37.1302
41.8985 -19.4695 -37.6646
42.5463 -18.9478 -38.2308
42.1554 -16.471 -39.653
43.7715 -20.6083 -37.3382
43.928 -25.5335 -34.5068
43.1861 -24.8502 -34.6988
42.4288 -23.5824 -35.5203
44.0941 -27.4985 -33.2639
44.4413 -26.7958 -33.9115
43.3926 -26.0873 -34.1867
44.4577 -27.6486 -33.1296
45.8285 -29.7767 -32.0202
47.2863 -33.5867 -29.7804
49.2398 -36.8076 -27.3119
48.3549 -34.012 -29.9468
48.8703 -35.3699 -28.5372
49.858 -38.0959 -25.3412
50.3148 -37.5527 -26.1094
51.756 -39.1477 -23.7443
52.0109 -38.677 -24.6085
52.5854 -40.2937 -21.5017
53.4009 -41.1374 -19.7878
53.549 -40.6922 -20.6944
53.8792 -40.2407 -21.5363
55.094 -42.8206 -17.0264
55.5361 -42.4035 -17.8639
55.847 -43.3255 -16.589
56.6243 -44.5263 -14.4892
57.783 -44.9672 -13.9953
59.1417 -46.7001 -11.5522
58.218 -46.3025 -11.9466
57.256 -45.0463 -13.4402
56.458 -44.5064 -13.9265
55.5677 -44.0803 -14.2688
54.6152 -43.7926 -14.4951
57.4659 -46.6026 -10.7566
58.6411 -47.9053 -8.2744
57.5101 -47.4502 -8.96849
56.6756 -47.2058 -9.65199
55.7872 -46.4841 -13.2392
