-0.57735 0.57735 -0.57735
8.20636e-09 -8.20636e-09 8.20636e-09
0.57735 -0.57735 0.57735
1.1547 -1.1547 1.1547
1.73205 -1.73205 1.73205
2.3094 -2.3094 2.3094
2.88675 -2.88675 2.88675
3.4641 -3.4641 3.4641
4.04145 -4.04145 4.04145
4.6188 -4.6188 4.6188
5.19615 -5.19615 5.19615
5.7735 -5.7735 5.7735
6.35085 -6.35085 6.35085
6.9282 -6.9282 6.9282
7.50555 -7.50555 7.50555
8.0829 -8.0829 8.0829
8.66025 -8.66025 8.66025
9.2376 -9.2376 9.2376
9.3223 -8.77441 8.3554
9.33022 -9.78663 8.22558
9.33566 -8.42342 8.21556
9.3385 -9.50204 8.24179
9.34908 -10.3799 8.79326
9.4108 -11.1609 8.17169
9.41752 -9.09051 8.09886
9.4352 -11.6836 7.84072
9.416 -12.5874 7.41311
9.36472 -10.0161 8.07385
9.355 -10.886 8.5669
9.35994 -11.4797 9.37161
9.28318 -10.2989 9.41392
9.44793 -10.7814 8.55364
9.43529 -8.60272 8.71242
9.52047 -10.1754 8.13378
9.52514 -11.1743 8.08747
9.54333 -13.6291 7.88253
9.79253 -13.9105 6.95587
9.83631 -14.7713 7.46297
9.93728 -13.5207 5.4591
10.0977 -12.3195 3.87038
10.1901 -12.9621 3.10976
10.3161 -12.941 2.11689
10.3305 -14.0437 2.10052
10.4197 -13.4698 1.11471
11.8645 -22.1274 1.03743
11.9732 -22.0872 0.044166
11.8856 -22.049 1.0396
11.8181 -22.0653 2.0393
11.8998 -22.0102 1.03819
14.1665 -28.3152 -0.152875
14.0598 -28.3517 0.841183
14.1262 -28.3352 -0.157213
13.1092 -28.5933 -0.0993954
12.2041 -28.8167 0.262358
11.7891 -28.8003 -0.647355
11.4216 -28.8881 0.278643
-4.19991 -32.6754 -1.2166
-4.35402 -32.7331 -2.203
-5.33336 -32.9137 -2.3359
-6.32274 -33.0817 -2.37517
-7.31337 -33.2116 -2.2784
-7.54654 -33.2368 -3.25051
-8.62288 -33.505 -3.41316
-13.2418 -34.7823 -3.85275
-13.9948 -34.9421 -3.21315
-14.4606 -35.0874 -4.08606
-15.2662 -35.2659 -4.65094
-19.0272 -35.2781 -5.45927
-30.1464 -36.9507 -7.06856
-30.9838 -37.0338 -6.52704
-31.9743 -37.171 -6.54874
-32.8933 -37.3109 -6.91859
-34.0068 -37.4212 -6.99855
-41.5105 -38.5569 -7.90199
-42.0974 -38.6356 -8.70779
-42.7481 -38.7142 -9.46302
-43.0593 -38.8043 -10.4091
-43.9294 -39.0305 -10.847
-44.9007 -39.1921 -11.0222
-45.8891 -39.348 -11.0977
-66.5769 -42.551 -13.7091
-67.5517 -42.7058 -13.8731
-68.538 -42.859 -13.9795
-69.5123 -43.0007 -14.1552
-70.5384 -43.1457 -14.2227
-71.5276 -43.2889 -14.2522
-73.6243 -43.4177 -14.5072
-74.6139 -43.561 -14.5034
-75.6058 -43.7094 -14.4621
-76.5966 -43.8571 -14.4952
-77.5741 -43.9957 -14.6619
-78.6049 -44.1451 -14.6881
-79.4457 -44.2674 -15.2157
-80.4315 -44.4033 -15.1134
-81.4196 -44.5472 -15.0535
-86.2369 -45.2031 -15.0463
-87.2257 -45.3502 -15.0151
-88.1989 -45.4815 -15.2061
-89.1992 -45.5074 -15.3447
-97.7572 -46.6875 -15.7203
-105.556 -47.7088 -16.5216
-114.391 -48.8522 -17.4694
-115.173 -48.9744 -18.0801
-116.159 -49.0846 -18.2059
-116.804 -49.1973 -18.9618
-108.549 -47.7945 -18.2819
-109.498 -47.9848 -18.5364
-119.342 -49.8508 -19.7673
-120.342 -50.0073 -19.8506
-121.314 -50.1721 -20.0281
-122.303 -50.2955 -20.1297
-122.558 -50.3488 -21.0953
-123.173 -50.4839 -21.8726
-131.989 -51.9076 -22.8245
-133.01 -52.0712 -22.9251
-133.988 -52.2226 -23.0909
-134.772 -52.326 -23.703
-135.633 -52.4544 -24.1954
-141.907 -53.417 -23.9091
-142.877 -53.5503 -23.7025
-150.549 -54.6839 -22.0896
-151.309 -54.7968 -21.449
-152.291 -54.9369 -21.3163
-159.69 -55.7499 -19.8533
-160.752 -55.8308 -19.6068
-161.731 -55.8927 -19.3952
-162.702 -55.9531 -19.1618
-163.531 -56.0167 -18.6065
-164.589 -56.0782 -18.425
-188.619 -57.7405 -18.4188
-191.228 -57.9201 -18.7614
-192.124 -57.9319 -18.3169
-193.105 -57.9992 -18.5002
-194.041 -58.0325 -18.1488
-195.015 -58.1179 -18.3676
-200.939 -58.5834 -19.0467
-201.883 -58.6694 -19.3668
-202.874 -58.7595 -19.2576
-208.847 -59.3701 -20.0177
-209.805 -59.4879 -20.2972
-210.796 -59.6144 -20.3891
-211.79 -59.7199 -20.4175
-219.042 -60.5559 -21.7096
-220.034 -60.673 -21.7567
-221.027 -60.7811 -21.8233
-229.398 -61.6486 -22.8829
-230.445 -61.7452 -23.0047
-231.441 -61.8371 -23.0074
-221.646 -60.909 -22.1637
-222.603 -61.0118 -22.4339
-216.032 -60.4462 -21.7508
-216.992 -60.5159 -22.0246
-221.012 -60.7651 -22.2085
-227.125 -61.0338 -22.1008
-227.816 -60.9931 -21.3792
-228.807 -61.0353 -21.5061
-229.806 -61.0794 -21.4708
-237.918 -61.4808 -21.9695
-238.911 -61.5399 -21.8676
-239.85 -61.6236 -22.2053
-240.847 -61.6791 -22.2648
-241.852 -61.7224 -22.3057
-258.582 -62.632 -24.5903
-262.578 -62.7923 -25.6336
-254.807 -62.4625 -22.2988
-255.685 -62.4481 -22.8437
-259.917 -62.7079 -25.2606
-267.356 -63.3555 -29.3223
-272.636 -63.9521 -32.1133
-273.559 -64.0523 -32.4851
-274.487 -64.1575 -32.8451
-275.398 -64.2563 -33.2468
-276.25 -64.3632 -33.7593
-277.169 -64.4514 -34.1465
-270.97 -63.7497 -30.6344
-271.794 -63.8423 -31.2048
-272.56 -63.9051 -31.8526
-273.231 -64.0502 -32.5809
-274.016 -64.1414 -33.1942
-274.872 -64.2386 -33.7018
-275.687 -64.3369 -34.284
-276.332 -64.4197 -35.045
-281.775 -65.0056 -39.0224
-282.749 -65.0972 -39.2335
-283.572 -65.1799 -39.7982
-284.292 -65.2681 -40.4874
-285.078 -65.4267 -41.1277
-304.409 -66.9081 -55.2666
-305.191 -66.9562 -55.8882
-305.617 -67.0157 -56.7911
-306.447 -67.0646 -57.3613
-301.524 -66.8127 -53.8121
-302.457 -66.8628 -54.1684
-307.946 -67.3445 -58.4532
-308.709 -67.449 -59.0913
-309.518 -67.5477 -59.6725
-310.397 -67.6317 -59.2021
-311.082 -67.7255 -59.925
-311.748 -67.8591 -60.6596
-312.517 -67.9584 -61.2909
-313.16 -68.0859 -62.0465
-318.221 -68.8627 -66.6388
-318.985 -68.9845 -67.2998
-319.788 -69.1205 -67.8831
-320.503 -69.2379 -68.5729
-321.277 -69.3754 -69.1929
-322.02 -69.4995 -69.927
-322.784 -69.6394 -70.573
-326.519 -70.4222 -74.2539
-327.326 -70.5916 -74.8195
-332.52 -71.8096 -79.844
-333.246 -71.9769 -80.5111
-328.322 -70.7731 -75.5657
-331.941 -71.7604 -80.1294
-331.935 -71.8963 -81.1201
-332.17 -72.0066 -82.0858
-333.152 -72.1323 -81.9385
-327.532 -70.7127 -75.7821
-328.242 -70.8894 -76.4656
-329.143 -71.0696 -76.8629
-324.436 -69.987 -73.1176
-329.563 -71.0772 -76.5702
-330.245 -71.2446 -77.2835
-335.566 -72.2847 -81.5906
-336.267 -72.4146 -82.2914
-337.037 -72.5312 -82.919
-341.937 -73.4603 -87.9746
-337.018 -72.5395 -83.1501
-337.941 -72.6863 -83.5052
-338.926 -72.8193 -83.3935
-339.76 -72.9577 -83.9301
-340.54 -73.0945 -84.5417
-341.334 -73.2339 -85.1375
-342.025 -73.3657 -85.8492
-342.69 -73.5145 -86.5813
-342.659 -73.6221 -87.5751
-343.384 -73.7971 -88.2436
-344.217 -73.9376 -88.8864
-354.889 -75.7602 -98.5187
-355.612 -75.879 -99.1992
-362.989 -77.1006 -107.631
-363.592 -77.2003 -108.424
-367.352 -77.7484 -112.844
-368.058 -77.8389 -113.547
-368.861 -77.9082 -114.139
-369.638 -78.0015 -114.762
-370.223 -78.0404 -115.587
-371.048 -78.1178 -116.148
-371.1 -78.2579 -117.137
-372.011 -78.3125 -117.546
-372.258 -78.3599 -118.514
-372.072 -78.4733 -119.49
-372.707 -78.5589 -120.26
-373.425 -78.6502 -120.95
-374.116 -78.7387 -121.667
-374.885 -78.8222 -122.303
-375.534 -78.9003 -123.06
-376.199 -78.9936 -123.802
-376.856 -79.065 -124.565
-377.22 -79.1398 -125.493
-378.137 -79.2303 -125.884
-378.829 -79.3188 -126.6
-384.174 -79.8842 -133.733
-384.756 -79.9139 -134.547
-388.934 -80.2585 -140.243
-389.715 -80.3291 -140.864
-390.342 -80.3932 -141.643
-391.077 -80.442 -142.32
-387.135 -80.101 -136.564
-387.814 -80.1384 -137.299
